8888215 8883781 8884198 8888084 8882877 8889339 8881845 8886332 8879909 8881742 8860727 8853950 8855760 8858476 8860968 8862983 
6302704 6296938 6292707 6293400 6290460 6303868 6298067 6298739 6289481 6283838 6287788 6296466 6296236 6284715 6305543 5364960
6298388 5353247 5352353 5363623 5368233 5360788 5349372 5352261 5360517 5357950 5354252 5357984 5359227 5363713 5354302 5356679  
5307343 5307444 5309928 5303775 5300922 5305121 5302211 5297807 5318393 5309174 5300858 5309242 5318601 5312865 5305710 5178532
5315507 5190296 5180543 5175680 5173292 5179236 5180469 5187066 5182314 5186162 5175785 5173428 5171777 5185163 5180161 5178798  
5274303 5267728 5277119 5276507 5259462 5269486 5273627 5265121 5265719 5260646 5269145 5268937 5261626 5269042 5269876 5257770 
5157204 5160531 5153727 5154683 5147540 5148414 5151010 5157078 5144625 5149387 5152527 5151482 5158584 5142644 5147323 5141287 
5233137 5235164 5237251 5225396 5239923 5235789 5222134 5228470 5226275 5236683 5225512 5235803 5232940 5225045 5232638 5237385 
5320431 5329976 5327705 5318505 5325595 5327427 5328527 5317784 5327446 5332316 5328947 5329519 5320597 5326751 5318465 5314726 
5370160 5372892 5363384 5374573 5373777 5359405 5369901 5370700 5361131 5373489 5369803 5362163 5371085 5362548 5356919 5422456
5369952 5425160 5407629 5420881 5425858 5414002 5414508 5422375 5425935 5413563 5423808 5426597 5413744 5423700 5425382 5412045  
5455242 5445722 5457332 5442789 5456136 5452977 5447389 5437691 5456670 5444422 5454848 5455187 5458348 5448491 5454721 5454118 
5496834 5499436 5495847 5482143 5491163 5496991 5487695 5495834 5500399 5495871 5488790 5500065 5486675 5495439 5488769 5655939
5493676 5568253 5556049 5566632 5567762 5551675 5567588 5556376 5569845 5564117 5561113 5567502 5566068 5568970 5564374 5554488 
5558154 5606423 5602043 5607287 5596863 5610124 5615056 5615667 5615707 5611706 5609757 5614878 5608954 5604206 5614499 5612058 
5615997 5644266 5649444 5649108 5654189 5653277 5652630 5654571 5644026 5650213 5633758 5641249 5637564 5641777 5648475 5652516  
5689655 5701177 5702225 5694859 5698991 5691894 5707793 5706804 5699890 5705982 5707373 5706492 5707045 5699222 5690388 5698281
5709560 5703119 5712878 5710758 5713157 5713373 5696441 5706422 5695854 5697708 5700909 5713654 5704848 5711761 5704253 5713659  
5712189 5725080 5724568 5724764 5713493 5727093 5721100 5728643 5728969 5725043 5730292 5716306 5720819 5728895 5717530 5730616 
5754476 5753974 5760040 5757593 5745732 5755210 5747455 5756728 5757887 5743297 5742807 5756089 5759302 5757193 5751953 5752022 
5767612 5767749 5769953 5754257 5764236 5760866 5764791 5759567 5756955 5773816 5770317 5770666 5754325 5753736 5769981 5784561
5762754 5749832 5762332 5745428 5761506 5756509 5765642 5753856 5759712 5762770 5757668 5756027 5744496 5755827 5762182 5766196 
5761891 5796891 5796658 5779443 5791823 5797654 5798297 5793552 5794780 5796466 5790171 5790873 5786378 5779701 5796200 5780787 
5788366 5797797 5776972 5782998 5780995 5790037 5792894 5787872 5786860 5795356 5797762 5779739 5787176 5797590 5792111 5778383  
5786019 5789485 5787309 5779399 5777151 5785082 5771367 5782951 5768507 5778706 5782862 5787109 5777553 5770835 5784130 5804880
5777551 5817086 5796351 5800746 5800483 5816460 5811262 5806141 5806035 5804827 5807247 5803327 5811663 5793764 5805118 5790823  
5792083 5804259 5795716 5789375 5804080 5802837 5806183 5801922 5806850 5792702 5796373 5803003 5804109 5798295 5811436 5794339
5810492 5795811 5805193 5796508 5793961 5792713 5791511 5795671 5787404 5783365 5801684 5787773 5779435 5799475 5803140 5795663  
5785888 5806268 5797799 5796742 5793948 5793241 5801297 5801664 5796391 5802115 5789164 5784968 5795233 5783926 5793522 5793146 
5790794 5793644 5797825 5802221 5789993 5782627 5793729 5790476 5798885 5778523 5792551 5776032 5793773 5783725 5801027 5790948 
5772434 5786584 5772047 5783349 5775817 5790715 5777115 5776365 5775817 5779219 5778678 5762841 5776414 5768767 5763731 5789225
5783012 5803399 5789075 5776690 5804568 5794565 5792635 5783269 5793904 5788693 5794344 5775687 5795855 5783151 5788330 5792152 
5791089 5786678 5790925 5785411 5786580 5775996 5775678 5767479 5768949 5796877 5781291 5773035 5788419 5781064 5782258 5783371 
5791729 5775360 5783171 5786089 5774660 5778456 5771068 5777289 5772095 5761561 5770742 5775774 5778313 5760895 5783302 5782605  
5782465 5783900 5790666 5777144 5785052 5769093 5775516 5773498 5780560 5786270 5778055 5787654 5779600 5794824 5768011 5757832
5784137 5780151 5767916 5768745 5774515 5764106 5765407 5773283 5770236 5766976 5773599 5775153 5765208 5773478 5759919 5780102  
5753691 5764823 5756917 5746180 5770256 5757248 5762080 5763740 5755114 5762193 5768164 5759373 5758365 5769575 5747974 5762830 
5766694 5769161 5769094 5779355 5772107 5758656 5769598 5767874 5771007 5764158 5774240 5762692 5771748 5764333 5757026 5780020 
5757273 5759243 5749830 5765798 5750561 5759635 5761888 5750825 5757446 5756896 5741967 5756126 5746954 5767551 5747053 5756610
5758820 5755810 5750326 5764137 5760109 5751454 5747969 5743630 5755142 5754020 5741855 5749175 5753068 5755460 5755529 5735053 
5741898 5747592 5758954 5762469 5749980 5741881 5762816 5752015 5757141 5747330 5747343 5756802 5765600 5767041 5758011 5760324  
5744621 5747529 5744606 5754709 5739096 5751024 5748384 5743922 5754191 5753319 5750149 5729666 5744422 5739180 5745360 5722392
5755600 5715793 5727154 5730400 5731888 5736688 5740470 5728636 5721648 5721109 5725289 5717915 5730899 5735754 5734862 5725759 
5740690 5743516 5736695 5743720 5740534 5740001 5741535 5728557 5722662 5751145 5745884 5742852 5734504 5744437 5749966 5736891 
5753912 5730104 5730249 5720561 5708428 5715372 5711902 5726722 5734253 5723322 5729103 5738996 5724238 5722708 5728140 5723581 
5732717 5717569 5713578 5705335 5723559 5722153 5714318 5728625 5696824 5725643 5716968 5713471 5720130 5705273 5718066 5710257 
5717135 5716073 5699486 5721988 5713592 5732870 5716324 5720376 5705398 5717946 5724456 5706655 5723025 5729086 5716689 5724917 
5721033 5692740 5715182 5713051 5716666 5717462 5710110 5712003 5714229 5709566 5723331 5718566 5708896 5702116 5708721 5699805  
5682571 5706926 5695707 5707163 5699581 5703960 5696599 5695305 5686840 5695959 5690158 5702533 5679005 5694155 5700877 5684477
5711246 5696893 5699865 5705996 5693539 5693160 5710326 5700365 5705837 5690643 5703851 5707519 5703223 5680797 5705069 5698541 
5687202 5680449 5698284 5686642 5700990 5699467 5677569 5696347 5692552 5694196 5700010 5687016 5685888 5698926 5695193 5707919 
5695063 5685525 5688028 5685634 5671811 5695165 5666660 5688147 5675682 5690366 5680471 5675896 5659848 5684680 5682473 5689874 
5685106 5673132 5676028 5680466 5680239 5690430 5691609 5695340 5670766 5685678 5673857 5686268 5685760 5660242 5666423 5690592 
5688717 5681191 5686604 5674642 5676132 5679906 5652328 5688935 5665916 5661870 5662542 5668953 5671520 5681038 5678036 5676221  
5662955 5666052 5663464 5641321 5673511 5659599 5669367 5662361 5655192 5650488 5668587 5660838 5664432 5677045 5646261 5668179
5672844 5679211 5659029 5682276 5647453 5672577 5651337 5676911 5669795 5666286 5663995 5675966 5661441 5671535 5650773 5662405  
5656386 5633776 5647099 5658161 5653233 5662359 5663347 5655511 5635566 5646786 5646459 5645261 5653405 5648546 5631148 5652848
5662266 5642536 5643861 5642240 5648244 5650243 5639774 5642584 5629427 5661141 5623354 5647822 5659925 5630730 5650046 5656576  
5639193 5658387 5647189 5621661 5640748 5629271 5643283 5651625 5641236 5648434 5639658 5645431 5649651 5656526 5629793 5650637 
5633306 5613651 5644985 5619883 5653105 5638458 5637505 5629629 5640815 5634589 5635242 5619849 5642810 5628056 5641118 5633746 
5637630 5624975 5612506 5620935 5622943 5630498 5626434 5629107 5619830 5629729 5603256 5624727 5626896 5638069 5610799 5612499
5618543 5626022 5633432 5643111 5634976 5642231 5629367 5631374 5615562 5635653 5629573 5630492 5628464 5637159 5608022 5625475  
5620030 5596750 5616684 5617416 5615114 5603505 5611196 5623109 5613020 5621130 5632631 5629030 5600154 5609142 5618620 5610338
5615342 5606349 5616234 5615799 5610731 5604344 5605069 5610084 5604393 5590276 5601604 5585171 5602380 5595772 5589738 5596402 
5608685 5612967 5608906 5592949 5601504 5605459 5608114 5599566 5607454 5594923 5589481 5620999 5606527 5617064 5586314 5600531  
5577613 5588968 5607867 5600009 5607436 5595077 5592947 5602013 5595369 5578977 5594597 5587636 5577309 5598064 5591530 5584157
5579555 5577060 5583023 5584733 5568512 5571881 5581564 5577712 5569771 5573568 5563143 5578591 5580919 5596693 5566096 5592992  
5584472 5589455 5598324 5571378 5580859 5576399 5596897 5571231 5589277 5580045 5587508 5583749 5568161 5586071 5576543 5573062
5570079 5557511 5570100 5578359 5560216 5573285 5567146 5571786 5579278 5569145 5585971 5577744 5564244 5559281 5567873 5586071 
5554725 5562815 5562714 5564239 5545084 5557903 5561191 5576216 5551375 5548360 5550248 5568796 5559772 5555876 5544184 5562996  
5559595 5553170 5567431 5543895 5534369 5554570 5546541 5571160 5544260 5571608 5556042 5557475 5543583 5561336 5564305 5526621
5553117 5552594 5550907 5554741 5558182 5549087 5528752 5534386 5545583 5542038 5556635 5565392 5564245 5550743 5539736 5564828 
5536905 5526913 5533530 5533756 5541823 5552572 5515471 5535639 5548620 5549478 5541213 5543335 5536671 5534139 5525820 5521513  
5538016 5543190 5533856 5518514 5552815 5534856 5529813 5533581 5545079 5537110 5527476 5521152 5541448 5553908 5535735 5519437
5550337 5525136 5543729 5525056 5512396 5534735 5522327 5543907 5524647 5536261 5521837 5530056 5511659 5524969 5528355 5541945  
5513629 5514675 5534431 5520677 5518991 5502885 5516440 5526020 5533690 5520426 5503992 5510461 5535269 5526036 5519515 5517692 
5515439 5508751 5522723 5523478 5519698 5513349 5511256 5514530 5532584 5534103 5528038 5512319 5511812 5501705 5513110 5499993
5503988 5511239 5502338 5523020 5519357 5510004 5503520 5519209 5489656 5504398 5496710 5492575 5507814 5501780 5504172 5504668 
5498515 5493838 5497779 5497420 5500358 5504455 5508560 5489075 5478592 5509768 5494105 5484258 5511356 5494589 5493338 5493465 
5489547 5511671 5493331 5512892 5501029 5489789 5492967 5496130 5480804 5488770 5510762 5497169 5497042 5491788 5500388 5505219 
5484521 5501712 5481041 5495383 5490191 5479159 5481536 5487560 5480888 5474986 5496771 5485365 5465819 5479702 5486276 5478089  
5480798 5482303 5492903 5475509 5476816 5481530 5472131 5461237 5488800 5477106 5492522 5466854 5494190 5472529 5468953 5467302 
5477111 5495138 5464830 5490684 5473643 5457609 5466873 5472722 5477622 5468780 5476361 5486946 5493553 5465676 5480955 5476182 
5489712 5465592 5473202 5458528 5484056 5455063 5476453 5482158 5464288 5453077 5466418 5453763 5469472 5460761 5466991 5456619 
5449644 5471492 5451795 5451116 5460456 5468626 5461152 5438716 5448417 5451943 5466666 5439846 5447730 5437833 5447889 5445207 
5464403 5466871 5477464 5459190 5452501 5447872 5444443 5471457 5452933 5452258 5473581 5441826 5457486 5461641 5455477 5443469 
5450621 5427081 5428943 5459383 5434528 5449056 5439875 5460060 5440295 5454717 5463566 5445040 5439828 5438462 5429652 5442294 
5417197 5422603 5434476 5422290 5431552 5432243 5427450 5442300 5432314 5438842 5429811 5428264 5446993 5452023 5451633 5394130
5454254 5453519 5426525 5433207 5441205 5452484 5442031 5452004 5433141 5434030 5419436 5420845 5419232 5432504 5429779 5431780 
5440478 5423485 5423773 5433247 5434981 5443365 5446645 5423212 5411264 5423528 5415174 5424609 5412594 5427267 5448740 5418860 
5430095 5409881 5412199 5406363 5434508 5413539 5419236 5419596 5411411 5404098 5410485 5398478 5407296 5419322 5429285 5430561  
5409917 5401341 5430746 5419230 5410061 5407560 5420616 5409921 5435501 5419209 5411386 5398633 5414609 5429630 5394167 5413230 
5399655 5403311 5411377 5427207 5401621 5395680 5403259 5391174 5413362 5420913 5401646 5386173 5407884 5399146 5389898 5374335
5419962 5389741 5414158 5412503 5394097 5384554 5385574 5392724 5393061 5401343 5402718 5398473 5410041 5379859 5394257 5391249  
5386834 5410757 5394030 5388542 5408967 5388002 5376275 5396131 5389026 5399603 5398342 5379559 5408720 5372373 5385008 5387777
5389503 5389221 5380361 5368805 5365354 5384367 5375362 5385612 5394984 5394525 5402906 5387185 5387309 5403798 5376038 5402932  
5364167 5372163 5370375 5376849 5372007 5383149 5375279 5389985 5385603 5380481 5361131 5372567 5373671 5364109 5353971 5371750
5390033 5373621 5386392 5354705 5380060 5366652 5375013 5374791 5374481 5375201 5383896 5375936 5390471 5369933 5389844 5369643 
5359059 5375350 5367607 5366985 5360168 5373855 5359938 5357220 5359804 5344581 5355074 5359569 5367914 5359762 5353862 5341310  
5353710 5346383 5369442 5368932 5353196 5359411 5353154 5350610 5357114 5355561 5357730 5360758 5365171 5335915 5340785 5327467
5365051 5370705 5358986 5355911 5351701 5367234 5350520 5363822 5336617 5348173 5331962 5359536 5350696 5353690 5346635 5351361 
5348336 5342490 5350682 5327061 5360891 5339554 5342768 5339541 5340704 5352469 5343129 5343577 5358731 5347816 5347842 5356586  
5318837 5351760 5339876 5343142 5332789 5332872 5333264 5328483 5328502 5332766 5316774 5339978 5339402 5348393 5330583 5318395
5343966 5336394 5331750 5350360 5349456 5346639 5341197 5335495 5354359 5335888 5321338 5333731 5344920 5331953 5334313 5328553  
5318967 5319526 5334957 5321501 5326022 5310419 5334703 5331741 5344858 5322451 5323858 5319542 5334410 5324551 5342170 5308298 
5326345 5332332 5318724 5310565 5314968 5313470 5330311 5322336 5308257 5313453 5307307 5324328 5309404 5295782 5307705 5297208 
5327600 5311762 5320494 5318449 5307429 5321524 5311062 5325902 5326248 5298850 5310386 5334920 5313236 5299009 5312355 5317465
5314316 5292761 5302632 5307999 5305909 5313045 5305678 5296650 5312405 5311448 5296689 5298644 5314947 5291597 5327651 5321079  
5294336 5316416 5282182 5310222 5297775 5283368 5287697 5304533 5294435 5294076 5299988 5279606 5290710 5300649 5287632 5270633
5304175 5316999 5297426 5299075 5286127 5306504 5290470 5301651 5294700 5313201 5304722 5283804 5284467 5301498 5292064 5297091 
5307225 5286060 5307605 5275284 5296103 5289993 5287070 5285898 5295984 5278964 5293866 5302700 5274122 5281555 5290575 5287201 
5272816 5277418 5282326 5269392 5296731 5272076 5295900 5281597 5285753 5264643 5271824 5265357 5284821 5290621 5286051 5279959 
5267705 5266942 5293954 5276692 5263603 5275160 5261688 5279900 5287498 5273452 5278949 5264222 5272035 5281741 5259988 5285849 
5284214 5280960 5274323 5259712 5278140 5266089 5260084 5257243 5267603 5276397 5263088 5286977 5257414 5279723 5273317 5280977  
5261039 5247217 5260064 5267298 5258452 5263132 5244870 5275654 5263708 5248937 5243544 5256362 5269926 5240145 5254540 5265175 
5251756 5241908 5255921 5276512 5253936 5261478 5250677 5261178 5263871 5262851 5272654 5246761 5250681 5267518 5270493 5254161
5260760 5255433 5234043 5251080 5255654 5246887 5240245 5260451 5253088 5266983 5245247 5250968 5240413 5263994 5254796 5240190  
5247623 5257451 5247018 5238084 5257650 5232428 5233920 5237490 5242650 5246480 5228574 5228430 5246033 5243537 5243466 5255508 
5242301 5223714 5242001 5239831 5241090 5225099 5241935 5236962 5239855 5234644 5248893 5253041 5231411 5253680 5227091 5220438
5254838 5247337 5232822 5243405 5221001 5238332 5223160 5215811 5232547 5230297 5229878 5230226 5245070 5232710 5216639 5234068 
5225426 5211339 5208362 5235971 5222957 5230946 5221732 5225307 5234894 5214958 5226078 5221177 5237410 5222009 5217138 5224336 
5209164 5235578 5222501 5223945 5225555 5235534 5225274 5236290 5230565 5210483 5223511 5214479 5222541 5223611 5211267 5214506 
5211430 5222896 5220389 5213767 5204893 5214203 5217324 5207920 5227959 5212322 5199160 5209854 5203126 5215222 5206737 5213872  
5209633 5216755 5215899 5206066 5198021 5220303 5208195 5210952 5210445 5198391 5199422 5192109 5201367 5206819 5200110 5181209
5209385 5201607 5197042 5216580 5210376 5201650 5196055 5218805 5209725 5189886 5204756 5219499 5207115 5198833 5201270 5206910 
5206763 5213999 5189658 5190344 5192695 5213378 5202217 5189001 5200296 5198137 5184501 5198620 5195335 5200504 5190986 5206504 
5198934 5190124 5194787 5199742 5181331 5187573 5185534 5179775 5184709 5175934 5175887 5182054 5172491 5190378 5180397 5168186 
5197445 5190555 5190047 5204275 5176921 5190173 5180525 5192693 5179420 5186053 5189661 5198583 5184290 5181940 5191223 5181606 
5201753 5170440 5182835 5191906 5175284 5178117 5167112 5188513 5181381 5171075 5171975 5165537 5178180 5188416 5178217 5181062 
5168974 5167951 5181564 5172513 5185013 5168738 5157698 5165465 5176563 5172438 5163534 5165859 5160601 5169733 5157552 5169361  
5175070 5161909 5180440 5183432 5169813 5168061 5173133 5166019 5164263 5169400 5159837 5157631 5180717 5166260 5158891 5169724 
5163413 5162826 5167835 5154296 5176289 5151041 5160932 5152690 5176438 5165397 5169690 5163005 5159839 5174643 5163436 5151602
5151124 5167132 5150220 5163344 5151980 5141712 5154385 5157930 5140501 5158768 5148758 5150321 5150030 5139931 5141592 5163600  
5142630 5162417 5153156 5162043 5149307 5157539 5139006 5161389 5137817 5155838 5158342 5153629 5142099 5149739 5148900 5145972
5151136 5153602 5143407 5156066 5153115 5146756 5150297 5134434 5141997 5140798 5151472 5144892 5135983 5133594 5135174 5148568  
5132101 5142951 5141045 5125830 5134602 5121324 5125696 5137055 5135022 5136146 5143282 5133035 5143814 5123362 5148191 5118493
5140210 5142755 5135797 5121806 5122519 5141923 5134939 5137261 5132023 5122859 5133976 5135354 5140089 5144792 5122333 5138645 
5131956 5128118 5130376 5137552 5135552 5124652 5134606 5130984 5128015 5131118 5114959 5118179 5128801 5116114 5138819 5136154  
5128591 5109162 5118036 5120978 5112187 5118564 5118317 5105511 5121589 5128768 5106656 5131035 5124346 5125865 5109030 5132545
5121639 5112731 5126657 5121169 5105952 5127159 5121559 5119717 5118143 5131733 5120141 5107808 5125361 5108297 5121692 5105669  
5109106 5116656 5106643 5115617 5118462 5110429 5102370 5095054 5095223 5118293 5108732 5114074 5098181 5109539 5109200 5108112
5096919 5114059 5106391 5104931 5105724 5107798 5111961 5097599 5106042 5088189 5104482 5090331 5115062 5094683 5093286 5106776  
5094321 5113756 5103026 5088157 5112376 5103984 5093226 5106023 5104510 5099398 5085360 5108364 5093142 5106407 5099107 5069887
5103308 5098712 5104890 5092674 5100121 5093383 5094672 5083305 5104537 5098767 5079392 5086768 5099824 5093987 5087842 5100480 
5092897 5096883 5082590 5096902 5085719 5092873 5073061 5089389 5093013 5090055 5085853 5092515 5085227 5075624 5088415 5077707 
5080069 5083046 5077625 5088266 5094283 5086906 5092078 5082361 5080900 5090198 5072648 5092130 5099487 5087884 5096731 5089946 
5093723 5083823 5077339 5078216 5077964 5061691 5072049 5084533 5089807 5082080 5079957 5078377 5085580 5081856 5072058 5069547  
5075675 5070213 5075820 5080530 5062463 5069807 5069856 5075919 5070247 5058984 5072107 5073544 5058932 5065488 5055673 5071198 
5054854 5076613 5070179 5068260 5077162 5069882 5066678 5072119 5073613 5082047 5063009 5068766 5060060 5075376 5072683 5062186 
5062496 5057192 5067137 5063787 5076346 5065214 5061454 5071422 5057822 5050878 5063357 5052665 5064595 5064523 5046818 5046627
5069790 5061569 5049739 5053369 5054562 5054651 5039397 5050898 5050784 5056944 5049147 5055858 5039484 5067656 5043183 5057479  
5060199 5068370 5058035 5053399 5048127 5056468 5056459 5058603 5062761 5048836 5046576 5045901 5041056 5055700 5058183 5048863
5056730 5031704 5044187 5039139 5062063 5043660 5054471 5049961 5040325 5045836 5046527 5031876 5052592 5050213 5049182 5041475  
5054539 5038444 5044509 5043205 5022940 5036677 5038292 5042756 5033112 5030315 5043879 5038693 5041676 5025215 5046894 5030334 
5035744 5040267 5027297 5035778 5030470 5029024 5038149 5021762 5043420 5037897 5032475 5032776 5031462 5021226 5037439 5051429 
5036281 5031336 5029683 5047365 5036921 5027429 5016382 5033611 5031552 5036289 5018417 5034097 5026852 5024212 5021221 4990575
5035056 5020991 5020959 5027751 5022831 5023711 5018893 5007777 5013302 5035295 5024455 5019099 5003211 5014599 5021373 5013774 
5029774 5012084 5037939 5006030 5021479 5028038 5026283 5021903 5018832 5028126 5022545 5020539 5029744 5009156 5011602 5024932 
5021731 5013443 5023255 5018140 5002477 5018943 5010987 5014198 5016737 5005021 5028356 5005478 5016113 5015122 5011415 4999827 
5019441 4999037 4993406 5017315 5016340 5005698 5009078 5022727 5011972 5009590 5007967 5012837 4994032 4998314 5012843 5005629 
5008983 5004285 4994445 5009854 5015725 5013031 5006331 5005733 4996586 5006593 4990399 5005659 5019210 5011029 5016201 5003706  
5012664 4984928 4989678 5007879 4995548 5007207 5000130 4984980 4997234 5006846 4996124 4986498 5001519 5003285 4998919 4989665
4999751 4991423 4998088 4977866 5004204 4997661 4990712 4993321 4988183 5000731 5001930 4992103 4981174 4982190 4975628 4992683  
4992655 5001751 4998773 4978670 4982838 4992461 4979721 4994126 5004345 4989056 4979886 4995180 4988276 4996150 4990615 4973366
4999296 4974802 4984027 4990280 4970051 4984330 4984478 4981207 4994851 4979682 4997891 4982726 4985476 4983377 4992838 4966594  
4976651 4979089 4964444 4980645 4980342 4988514 4975564 4965404 4988040 4967972 4981203 4960973 4976959 4982044 4978464 4992093 
4986624 4976639 4978959 4986922 4979831 4979744 4974872 4979239 4964323 4961522 4992228 4976434 4965306 4962773 4975303 4972434
4972785 4985955 4970338 4966147 4956166 4980777 4972644 4972782 4981383 4955971 4969998 4972268 4960952 4966533 4968682 4957375  
4948185 4972060 4953361 4961206 4943885 4959506 4957250 4961230 4948698 4958147 4960543 4970012 4958047 4949967 4966796 4955022 
4978455 4973749 4957477 4951847 4948107 4973568 4961372 4948997 4964207 4964541 4952732 4963869 4965461 4966321 4963705 4954275
4958306 4942579 4965276 4945433 4954622 4953040 4954669 4937152 4942710 4953334 4958246 4964604 4938615 4966201 4952681 4950071  
4959080 4930989 4947205 4933973 4945455 4951959 4961543 4942662 4934254 4946762 4948616 4945989 4948629 4935140 4939898 4931638
4961033 4936222 4959297 4946371 4950256 4945563 4948012 4947615 4947163 4935515 4958462 4948305 4935057 4931054 4959819 4940917  
4939329 4926598 4938607 4932021 4953842 4956312 4942849 4926447 4954745 4945934 4938927 4931777 4944029 4929709 4940345 4944023
4941932 4932851 4929838 4932236 4933987 4945132 4943476 4923861 4930911 4935060 4926867 4915269 4916010 4927630 4922941 4922848  
4935140 4948588 4920918 4912125 4929302 4942055 4922219 4927502 4921467 4929353 4937991 4934542 4944273 4928888 4929922 4922307
4915284 4908184 4924441 4926496 4922122 4923953 4929541 4941636 4933361 4910236 4918544 4924164 4936403 4914715 4937737 4916233  
4932087 4915219 4923397 4910016 4934445 4919099 4916610 4924766 4915237 4912631 4916834 4927317 4916143 4899054 4901348 4909495 
4933566 4921155 4914218 4899871 4916794 4910520 4915391 4900704 4908745 4914454 4914627 4926063 4904639 4921770 4917443 4934370 
4909269 4918302 4895253 4892514 4910185 4929519 4918761 4898512 4928389 4910652 4908532 4908355 4911738 4911734 4924205 4904334 
4914643 4921421 4900811 4905549 4902699 4889554 4902150 4900239 4919785 4901782 4896346 4885139 4908129 4904311 4886055 4886447
4901839 4910740 4885670 4895630 4902076 4904930 4904811 4904138 4900188 4891865 4921128 4887494 4918402 4902045 4917191 4910527 
4904482 4906501 4878956 4893348 4911201 4911666 4900158 4893896 4881753 4892634 4895034 4900955 4891342 4892578 4892567 4886525 
4875972 4906638 4905793 4896102 4889010 4873402 4889489 4903135 4890306 4883633 4889113 4888175 4890413 4900207 4868356 4876945  
4869274 4895256 4872724 4890220 4886853 4880369 4903483 4905655 4888943 4886909 4884194 4878118 4885674 4886773 4904649 4892398 
4875455 4879807 4897637 4881489 4889919 4880392 4880271 4888182 4868197 4879610 4898102 4863448 4872303 4880695 4894947 4883105 
4872308 4891973 4858951 4871212 4874418 4878149 4864951 4855338 4882298 4889448 4873899 4872910 4875782 4889612 4868463 4839652
4873839 4889567 4892287 4874017 4883760 4891724 4871893 4875147 4867760 4874667 4875327 4866774 4878312 4885668 4856490 4877218 
4861660 4884983 4866264 4864732 4873662 4879702 4848231 4853439 4862346 4869551 4852371 4874279 4864913 4867183 4864426 4870874 
4883361 4845782 4862253 4856857 4861030 4849785 4871970 4855534 4839507 4853594 4864704 4869265 4871018 4860399 4863019 4874802 
4860274 4864534 4871746 4868655 4878721 4860817 4847448 4859190 4856612 4861395 4856603 4859905 4854087 4848152 4866139 4877862  
4852254 4845566 4867937 4863821 4841702 4874030 4831740 4856727 4852665 4857356 4858471 4855223 4870267 4852488 4847446 4857989 
4842222 4857463 4832826 4847992 4865545 4851607 4861945 4832246 4837614 4846466 4848423 4825463 4842862 4850397 4847357 4844892 
4853471 4848696 4835472 4866608 4848527 4834184 4854952 4851869 4863413 4845487 4849199 4846233 4862362 4840632 4827620 4850244 
4852503 4841890 4859046 4860167 4823126 4840263 4838782 4842671 4828237 4842554 4847118 4834467 4842796 4850580 4819161 4834724
4841974 4838823 4852009 4812871 4829988 4846219 4819116 4840504 4817572 4852528 4827714 4834114 4835862 4830469 4836320 4842365  
4849625 4836975 4842454 4812548 4831218 4827462 4811805 4817857 4842478 4850682 4826415 4833456 4837808 4835326 4830114 4837608
4835339 4822523 4837249 4832986 4835667 4828152 4813100 4825963 4832941 4831732 4836831 4846673 4845641 4823269 4829559 4809045 
4808435 4814634 4836533 4799827 4816851 4799404 4827352 4826993 4828504 4822505 4822184 4822393 4803671 4816098 4819645 4811868  
4809072 4821088 4835864 4830180 4827570 4804871 4820689 4820920 4813156 4829582 4815043 4830474 4817294 4801525 4839391 4791051
4820995 4815737 4821744 4825407 4811991 4804965 4820631 4798533 4810594 4796749 4835852 4817253 4828273 4822604 4808421 4818478  
4823249 4785439 4808044 4803865 4809566 4792754 4820275 4816953 4797129 4808115 4828073 4818809 4813248 4804556 4816022 4775154
4808546 4805652 4791587 4812383 4816045 4811105 4824786 4803923 4814486 4805759 4800261 4809997 4784058 4794204 4800705 4820481 
4815232 4801872 4810490 4811829 4819129 4781401 4794047 4807739 4775184 4802932 4800787 4789715 4794733 4801845 4796308 4807371 
4805176 4796159 4812663 4774866 4800095 4793435 4805277 4783068 4794758 4805754 4788533 4800456 4792291 4796088 4770775 4802502 
4786303 4795727 4792835 4772413 4789489 4804941 4785925 4808500 4800777 4800549 4796240 4797727 4796110 4796604 4813669 4783518 
4769311 4781221 4785023 4802149 4764698 4789400 4781954 4797204 4791568 4793007 4787956 4768125 4805783 4794795 4785991 4790440  
4778172 4795262 4785582 4794343 4785671 4787157 4783055 4760361 4787724 4774782 4785968 4788864 4775258 4801522 4759999 4753752
4770885 4760291 4768614 4801152 4775059 4788616 4781523 4773579 4789833 4761107 4795512 4786107 4786593 4780719 4787402 4782547 
4784081 4786191 4777560 4789725 4782833 4796041 4755147 4778648 4768661 4775928 4775523 4781233 4763632 4764838 4772590 4756440 
4779416 4771967 4785503 4767891 4754847 4765429 4745317 4782399 4771726 4771065 4765963 4759820 4769186 4748543 4775085 4757691  
4783264 4769075 4756194 4775857 4766468 4753037 4758375 4772863 4772161 4776466 4745590 4788541 4779547 4761538 4767995 4772802 
4769569 4781620 4749673 4762275 4753727 4766031 4738178 4776116 4767214 4768354 4751529 4760685 4760620 4743924 4759323 4748834
4765058 4779866 4763290 4754130 4756945 4769321 4754612 4731056 4759525 4762580 4744789 4750892 4760940 4737442 4761470 4747091  
4779976 4771845 4751239 4760262 4760034 4760400 4759646 4737332 4752678 4758968 4755068 4747307 4733654 4761512 4745763 4754541
4755942 4739355 4753477 4755977 4750756 4754763 4742120 4766764 4758708 4747440 4758470 4746292 4752463 4728766 4777229 4726331  
4751267 4736378 4747913 4741581 4722859 4734166 4751371 4743475 4768973 4743185 4738640 4716452 4749571 4757473 4739489 4733992
4745502 4747434 4737188 4739825 4747800 4729985 4717693 4749396 4744090 4743577 4768129 4758259 4723254 4743315 4749711 4745569  
4735360 4737080 4740751 4749356 4742450 4710846 4741950 4740609 4733909 4743954 4762237 4724107 4717585 4729546 4744998 4713431
4740107 4709215 4755949 4744407 4737567 4731139 4734213 4728444 4704423 4734824 4730727 4722470 4737711 4730996 4738268 4716033 
4730044 4753714 4730901 4726150 4743982 4718578 4705637 4734443 4730059 4725620 4709507 4734744 4738031 4730025 4736579 4729174 
4736687 4745898 4734426 4734083 4729671 4720705 4727840 4740160 4725724 4731681 4726219 4725586 4703479 4725946 4703921 4725480  
4707839 4698757 4717681 4716022 4720625 4713796 4719557 4695557 4720515 4729060 4737941 4731879 4726474 4722767 4714997 4714891
4728054 4729554 4721901 4719607 4716460 4733116 4700328 4719059 4739046 4696997 4715732 4722607 4719727 4707048 4724503 4733434  
4715883 4707562 4698631 4730725 4690408 4719278 4692191 4724510 4717590 4724415 4706757 4712821 4712512 4712484 4706928 4696629
4715925 4705236 4707198 4722945 4712169 4701614 4712586 4710183 4720802 4727194 4708164 4685647 4717983 4709848 4704461 4685355 
4693446 4685608 4709083 4693602 4701213 4708456 4727748 4710549 4685557 4700862 4718857 4700687 4711095 4706208 4718189 4711221 
4719553 4715241 4701309 4705456 4705216 4682506 4683373 4713386 4704833 4697655 4723323 4696780 4690604 4713595 4706366 4699463  
4707700 4698462 4708795 4693701 4713436 4677455 4701651 4691510 4707187 4698338 4677519 4696138 4697126 4690279 4689753 4683290 
4710708 4703726 4718420 4695026 4681651 4691520 4710521 4699112 4709975 4696795 4679947 4700291 4690209 4700086 4695902 4687991 
4673020 4701778 4704427 4692632 4688352 4701556 4685061 4688055 4709702 4695771 4691224 4683111 4696294 4679068 4681963 4676589
4670285 4702290 4686355 4679343 4685760 4677975 4668321 4692711 4695374 4685008 4679592 4664426 4696880 4689120 4683440 4672267  
4683386 4690912 4702361 4696345 4679654 4667062 4677323 4685955 4692797 4679357 4683486 4682962 4662772 4700471 4687887 4676563
4672408 4677973 4679968 4683570 4665811 4661964 4693138 4678145 4674956 4658418 4690641 4678362 4684771 4686993 4673202 4673524 
4698471 4654607 4684227 4646862 4679043 4669156 4659884 4672302 4674220 4665739 4666756 4685424 4671846 4690439 4667854 4667200  
4663683 4680119 4692946 4685637 4652725 4670011 4673271 4679321 4669110 4666963 4675564 4672007 4681653 4692892 4657548 4670812 
4668197 4687697 4665175 4672768 4643093 4681598 4683740 4663873 4671924 4656742 4660777 4650630 4663987 4668326 4665164 4661479
4676034 4671076 4659609 4666262 4683195 4655333 4667665 4639481 4664376 4681186 4657347 4658197 4656676 4642780 4674430 4650960  
4662766 4659173 4673057 4653097 4677894 4655128 4678834 4638269 4663214 4647896 4657030 4668056 4640804 4653576 4662368 4653710
4667791 4662266 4659479 4674898 4645381 4650150 4670518 4676425 4660459 4663924 4656868 4668240 4634870 4649521 4652433 4638684  
4667162 4663092 4642844 4628480 4649938 4658467 4650723 4636042 4652323 4646816 4640471 4659643 4629254 4656014 4666311 4644496 
4659798 4642802 4633760 4657117 4666340 4664051 4648256 4644420 4651919 4642181 4654208 4630098 4650357 4654577 4669129 4649855
4655680 4627149 4648037 4644219 4663894 4633836 4647742 4648227 4638515 4651293 4636626 4657941 4661081 4645194 4655159 4659203 
4629513 4629062 4631563 4647670 4643078 4642402 4621483 4641297 4621959 4658766 4630466 4648383 4654883 4660673 4639182 4651923 
4649330 4648615 4643378 4657723 4657885 4637979 4646355 4630175 4652404 4629122 4638953 4617546 4640490 4646829 4628048 4624205  
4624906 4626354 4633739 4651667 4617740 4637600 4650936 4613141 4635074 4638032 4633295 4623455 4634027 4651556 4644718 4607696
4645593 4639911 4644161 4631141 4643959 4618044 4627841 4636847 4630126 4607426 4647559 4618251 4632291 4634967 4618950 4612924 
4630314 4646884 4629532 4645016 4605836 4648703 4631781 4635508 4638900 4619471 4617040 4628251 4641416 4618343 4631438 4634024 
4619749 4614241 4635875 4622011 4614726 4643257 4635951 4641630 4612509 4622041 4609749 4601693 4624934 4626981 4629867 4624844 
4632316 4625802 4608529 4619367 4617464 4620586 4636460 4596993 4628681 4610899 4604768 4632839 4612696 4627914 4619383 4624197 
4637836 4607834 4636802 4609450 4622075 4603712 4638814 4632802 4610280 4619481 4596622 4620379 4618709 4628034 4629382 4629572 
4620247 4630421 4614354 4591954 4607763 4599472 4625009 4620704 4611153 4625317 4636512 4613626 4607288 4621740 4602504 4617507 
4624150 4616442 4603218 4603551 4592459 4606927 4615474 4592275 4623779 4599433 4617650 4617388 4587383 4598486 4607353 4627816 
4608645 4621069 4631574 4623921 4607376 4610545 4587743 4614122 4609946 4620747 4619577 4594777 4593033 4618596 4602261 4603961 
4607701 4608950 4600262 4603895 4592265 4582668 4617855 4597834 4586041 4613024 4600748 4625466 4589711 4613014 4613017 4605600 
4613422 4593468 4601532 4612215 4578477 4619281 4594295 4607828 4577010 4604663 4606220 4585122 4587128 4590392 4606825 4593602  