17736643 17738864 17735234 17733125 17735252 17701575 17705979 17675466 
12635107 12656269 12641563 12643006 12643923 12638294 12646895 12645236 
10765514 10767598 10772527 10769397 10770710 10768084 10776353 10785120 
10683303 10674780 10676292 10677695 10669785 10669557 10675248 10692922 
10424719 10417084 10417857 10437003 10423514 10422010 10416230 10363009
10428995 10621070 10599622 10609665 10601374 10605901 10608357 10598985 
10608358 10365438 10361073 10353405 10371155 10369146 10378810 10358989  
10516431 10531747 10539198 10532423 10527154 10526836 10527166 10796367
10530379 10722208 10716119 10708657 10713214 10710346 10716646 10718572 
10701586 10804041 10796611 10808733 10787696 10804466 10802080 10800011  
10913563 10916960 10898881 10903892 10891241 10897279 10901933 11052967
10907203 10974611 10968269 10978556 10965331 10971549 10960957 10961611 
10956338 11061441 11049001 11050692 11048606 11054511 11043803 11046870  
11200085 11181373 11197080 11189300 11199545 11189743 11186041 11186343 
11289695 11283979 11282428 11288862 11281254 11276397 11279230 11288688 
11352681 11360309 11355154 11366789 11354095 11365856 11365882 11471099
11354317 11463029 11480464 11472535 11460309 11462638 11461751 11461098  
11463138 11490371 11471163 11472954 11479408 11473472 11476077 11482137 
11505356 11509432 11519648 11519505 11516205 11502488 11502895 11619883
11510606 11574031 11577671 11566076 11570623 11559375 11567792 11575570 
11578355 11601869 11599504 11577299 11601343 11589297 11586005 11586952 
11591705 11576230 11582615 11590223 11575815 11582685 11568951 11590585 
11561467 11643053 11652818 11656261 11635765 11642591 11629148 11654991 
11656510 11643090 11656782 11637845 11645459 11650478 11629650 11635554  
11611396 11625210 11634528 11630531 11633848 11620807 11610908 11652453
11623657 11683001 11660150 11685489 11673032 11672022 11657659 11674730 
11682199 11675230 11672379 11658045 11663627 11673194 11656802 11665796 
11663722 11636289 11654927 11641950 11649162 11657917 11659634 11657266  
11660229 11644725 11641262 11652024 11655113 11652494 11657515 11651475
11660519 11635915 11650577 11653599 11652417 11647822 11629081 11648542 
11648218 11602130 11623123 11602530 11617597 11620015 11622226 11617784 
11621964 11652661 11631827 11646946 11629304 11651127 11646633 11650152  
11626563 11631328 11612319 11636950 11614480 11637124 11628631 11620739
11636359 11625022 11625861 11620464 11600833 11617570 11599402 11617101  
11626582 11607200 11628607 11626755 11636604 11628226 11637918 11615189 
11609598 11608827 11589305 11587846 11604436 11613550 11603878 11605714 
11566368 11586468 11586745 11567280 11587325 11590529 11596744 11550123
11583214 11604426 11609456 11588343 11585470 11608028 11611573 11604429 
11600254 11577940 11572193 11560037 11581208 11577165 11582629 11561715 
11583562 11574164 11576871 11547434 11568130 11568440 11551977 11564085 
11571732 11578769 11583229 11572268 11582590 11562603 11579449 11589548 
11558505 11563892 11559987 11541898 11557036 11557428 11540590 11571365 
11565191 11502089 11531227 11538747 11520890 11505116 11526770 11527078 
11519480 11550765 11524332 11549679 11527621 11548707 11568287 11553660  
11519115 11518778 11535057 11517731 11520195 11491363 11495519 11514108 
11497840 11475049 11497776 11497414 11474535 11500252 11514620 11459244
11500965 11504011 11525219 11476884 11501398 11480185 11501988 11506616 
11507767 11490723 11470496 11497486 11491229 11467383 11505437 11492726 
11484775 11463463 11434132 11481385 11459093 11462443 11461241 11438643  
11465900 11460456 11451893 11465305 11467227 11464227 11478796 11443167 
11439998 11431685 11450825 11456295 11451873 11471903 11451869 11455891 
11430529 11430492 11434190 11432609 11403468 11442847 11412651 11428873 
11429396 11444986 11427311 11429336 11429427 11414566 11431007 11413792
11402249 11415305 11390324 11423047 11420845 11428358 11417893 11396585  
11397380 11392483 11395442 11373563 11393052 11404102 11361353 11385634 
11403867 11397072 11387275 11401746 11367024 11402567 11396136 11329528
11417393 11351987 11381156 11371336 11363592 11374505 11367644 11333863 
11365414 11355290 11336740 11325272 11352033 11363976 11364439 11359112 
11377328 11370496 11363051 11355414 11347197 11337107 11356590 11323436 
11353127 11345626 11337704 11350284 11332960 11304860 11332965 11318562 
11336950 11322302 11309886 11296598 11313282 11313229 11312756 11287650  
11325760 11324560 11342541 11307196 11327698 11332798 11292481 11324279 
11299302 11296484 11294553 11283579 11304251 11292274 11268110 11243911
11314324 11267411 11272661 11269752 11275356 11286103 11274804 11258542  
11281005 11292064 11267524 11246709 11263193 11278868 11272645 11271735 
11243377 11259997 11267567 11248312 11250857 11253091 11240665 11221180 
11225493 11230595 11218885 11239501 11216806 11196047 11215627 11214111 
11238374 11225678 11219710 11229168 11206617 11246895 11225479 11201825
11234314 11204466 11203416 11220398 11207570 11198732 11217929 11179284  
11195293 11176093 11179010 11175998 11160301 11197714 11184344 11161808
11185541 11172739 11193154 11189187 11175639 11170632 11172763 11144797 
11175283 11183180 11166686 11162312 11176272 11162523 11162603 11132143  
11130895 11132517 11131719 11103204 11151582 11153846 11136502 11090879
11134317 11142408 11158019 11153806 11143150 11134361 11137728 11135061 
11106501 11113909 11122828 11117570 11114623 11136757 11136606 11125168  
11106295 11099853 11099844 11109366 11118445 11118422 11072766 11050572
11100110 11091126 11098342 11100267 11072241 11089086 11115192 11113606 
11099068 11070146 11088431 11079220 11080266 11092901 11071033 11070047 
11048460 11061788 11029230 11073076 11052901 11062336 11068174 11051622  
11055817 11053476 11049035 11064840 11064561 11074552 11074029 11032108 
11030929 11032693 11038626 11007503 11039910 11023513 11049547 11012624
11050442 11010826 11035051 11024818 11025456 11034953 10995138 11022582  
11018771 11035751 11006235 10990667 11032822 11010403 11021395 11005287
11024679 10991529 10982739 11005524 10997534 11013405 11020308 10975583  
10959694 10980019 10971842 10964647 10986921 10976505 10964916 10935096
10943917 10979920 10953642 11003470 10985018 10990961 10982158 10975603 
10969439 10924528 10977067 10966885 10946698 10951883 10943887 10947640 
10958528 10948778 10959353 10928090 10942659 10920573 10912067 10929377  
10927758 10957097 10939571 10950036 10907422 10942299 10925517 10864728
10929160 10945466 10911143 10937298 10911656 10893903 10911053 10925950 
10919580 10904955 10917131 10894547 10869516 10883305 10887813 10877185 
10899090 10883212 10918607 10888520 10895941 10909253 10901152 10877954 
10867285 10886035 10898809 10867119 10881635 10878905 10861729 10848545  
10831443 10868453 10839493 10859326 10876201 10846505 10861858 10819452
10847050 10857840 10860892 10833278 10823131 10858974 10840942 10838857 
10872678 10842737 10861196 10812221 10854918 10832696 10831282 10847391  
10825038 10835693 10791847 10813459 10811539 10805576 10819678 10794774 
10824344 10827400 10807258 10796179 10792703 10833645 10820287 10773379
10813316 10779673 10790230 10765550 10782520 10803880 10798318 10792146  
10783908 10759907 10790064 10757937 10771987 10791627 10773384 10757969
10775920 10763045 10750685 10792726 10784749 10765418 10775859 10752869 
10776588 10739805 10734161 10760402 10773742 10770206 10746726 10748800 
10761122 10753177 10720604 10728494 10736677 10714402 10752094 10741753 
10725836 10733278 10719545 10746783 10730396 10716989 10760118 10746366  
10741438 10738635 10717527 10725217 10704586 10696131 10709295 10698657 
10685523 10716514 10698059 10674126 10673252 10702494 10677555 10691088
10713151 10681734 10714368 10687847 10706205 10681193 10677347 10701005 
10717807 10677876 10698586 10703053 10661236 10657129 10674386 10663691  
10637136 10675115 10655289 10677858 10650955 10633603 10666753 10638037 
10661891 10680371 10657914 10644742 10639585 10683851 10647919 10625508
10675106 10658070 10623875 10651472 10640971 10663284 10636676 10616701  
10645941 10637226 10618320 10644362 10611478 10619787 10601572 10601940 
10612232 10609137 10630271 10598150 10590370 10602585 10631710 10639544 
10620458 10626253 10585195 10621764 10603947 10588749 10595297 10564778
10600879 10594638 10599714 10570498 10595931 10558295 10576874 10564811 
10563770 10565568 10578906 10568230 10604976 10576119 10600844 10598414  
10547475 10551343 10581118 10584017 10564446 10577866 10553843 10565133
10559891 10532416 10562410 10568605 10529683 10551738 10540695 10539480  
10526613 10556900 10522762 10557235 10546203 10558458 10536933 10471871
10536325 10540948 10538737 10514566 10520203 10504399 10519152 10526544 
10539234 10502675 10496240 10513589 10487061 10519074 10523263 10504929 
10519723 10522826 10519611 10524737 10503127 10497875 10505696 10486843 
10511129 10493609 10504681 10475216 10478927 10492556 10482655 10483960 
10501314 10478944 10488914 10459881 10482549 10466363 10468141 10489547  
10466315 10485160 10483838 10481529 10481058 10458398 10463254 10394686
10471762 10472001 10456366 10448215 10440913 10460833 10465280 10453140 
10468045 10440050 10439714 10421950 10429868 10442234 10422760 10410842 
10438409 10443994 10434158 10445997 10452061 10423671 10454556 10432017 
10438336 10424296 10398793 10412803 10430645 10414785 10422839 10411105 
10428014 10411088 10397867 10383586 10413924 10396059 10404162 10414452  
10409324 10412912 10382769 10392944 10402251 10397068 10413656 10397262 
10399901 10401649 10385743 10385098 10383556 10369264 10402408 10349713
10388692 10345985 10375846 10378206 10361302 10364109 10382313 10363363 
10360651 10343617 10361194 10363035 10377590 10374333 10361636 10380387 
10364093 10347043 10364190 10335052 10359149 10352199 10362876 10347389  
10342203 10327262 10327828 10330966 10310970 10345730 10332414 10344083 
10327656 10340599 10331768 10342605 10337689 10308265 10328937 10291588
10323239 10315135 10314868 10329746 10298009 10333037 10314006 10321623 
10326885 10280103 10307204 10294491 10310374 10319300 10301714 10295764  
10318117 10314542 10295007 10277106 10303817 10297808 10295527 10306185 
10256469 10292712 10274565 10293145 10279003 10270618 10276123 10283680 
10284472 10281422 10262801 10277177 10264316 10272843 10265747 10233478
10246043 10244343 10259053 10276856 10281376 10266102 10255855 10258864 
10274028 10248883 10231087 10242986 10264605 10263799 10262568 10246121 
10252392 10248772 10231378 10246762 10231189 10233507 10227446 10248802 
10218185 10253428 10237631 10253467 10232640 10247037 10220911 10232076  
10229610 10210604 10198737 10230101 10213034 10214304 10230704 10217251 
10213167 10198711 10197665 10211188 10211096 10182820 10196679 10191176 
10182962 10197833 10213912 10213321 10202035 10190611 10209044 10203744 
10185446 10199899 10199334 10199268 10181050 10164255 10176399 10187356 
10174233 10180183 10164030 10166598 10154186 10147014 10160072 10117426
10180258 10163672 10166169 10184704 10179430 10172674 10168271 10186162 
10154268 10161434 10152668 10141500 10138314 10167005 10148265 10150618 
10171108 10130300 10136871 10154854 10127686 10146265 10152097 10120280 
10139091 10126072 10117509 10147275 10122406 10135936 10145068 10133547  
10110304 10124446 10114724 10127568 10140621 10122978 10108385 10101354
10136344 10090510 10100239 10094937 10114321 10095490 10086067 10114887 
10118189 10103718 10115412 10093586 10095400 10120223 10120357 10089143  
10087206 10102474 10074700 10084354 10103877 10102358 10078895 10024260
10083053 10092294 10090202 10062697 10075095 10094014 10064796 10073062 
10071102 10067648 10054868 10066163 10093337 10058843 10072779 10085538 
10087502 10051987 10057318 10041862 10074315 10060170 10044697 10068548 
10070803 10033143 10055328 10038106 10053437 10063505 10042110 10041445  
10040109 10045302 10047926 10058296 10051257 10034421 10028504 10007804
10054565 10015941 10038080 10022934 10036639 10038531 10027212 10030171  
10019096 10029230 9998156 10005298 10022005 10027507 10003529 10027020
10025880 10019616 10003448 10014720 10021931 10025743 10001107 9995643  
10005853 9988312 9986941 10005139 10014424 9984127 10013759 9944132
10009370 9964990 9969045 9980976 9981931 9987808 9990036 9959343 
9982054 9967805 9977297 10002837 9990562 9973036 9989007 9989468 
10000793 9978867 9984469 9968647 9947562 9970341 9947587 9958822 
9968915 9956442 9959715 9974209 9937075 9933543 9944175 9962288 
9955029 9957259 9956431 9957096 9971132 9932374 9931394 9963967  
9943095 9948789 9961240 9946347 9922021 9926269 9935563 9920603
9952607 9940018 9904157 9930467 9901881 9927270 9923731 9915145 
9928040 9924351 9898012 9932482 9913794 9941249 9931084 9925833 
9903218 9919162 9914192 9931075 9900221 9893571 9910149 9892246  
9876281 9906511 9912412 9874954 9889333 9906898 9901771 9880111
9895000 9872478 9890469 9906182 9909121 9908986 9874787 9899207 
9882294 9866657 9896804 9864754 9872213 9896989 9889699 9904318  
9864106 9848161 9880997 9853855 9884664 9868933 9877648 9820817
9849591 9889513 9873772 9882812 9851220 9852130 9864841 9876853 
9859413 9834219 9832671 9859341 9862871 9843443 9868889 9836295 
9853186 9850532 9826369 9832376 9847062 9821230 9865226 9854687 
9825581 9859873 9846607 9841270 9831140 9815831 9827512 9852708  
9819240 9846417 9815216 9837101 9834801 9806651 9811162 9828995 
9819309 9801672 9826461 9797792 9832318 9792247 9796149 9813672 
9821146 9799176 9802400 9822774 9790965 9836911 9829387 9807791 
9819398 9775379 9779059 9814594 9784013 9788222 9803467 9768569
9802430 9770222 9788674 9794901 9785467 9776469 9756736 9803447  
9808165 9803807 9761083 9768614 9773514 9787328 9770024 9764757
9787191 9747002 9776040 9759655 9761226 9791292 9775823 9796079  
9744669 9771555 9758356 9741523 9773856 9736980 9755687 9735720 
9765663 9739291 9751372 9745540 9777545 9764382 9777566 9700285
9745125 9727764 9747766 9739054 9724501 9752938 9767308 9729191 
9762334 9712150 9745278 9713575 9755990 9719774 9735301 9717560 
9737449 9709621 9712353 9741326 9730196 9749029 9717688 9740621 
9705385 9709220 9706418 9721364 9734376 9697080 9705445 9746388 
9728570 9675885 9716102 9707424 9685703 9691883 9683822 9727374  
9688911 9729527 9718604 9695932 9706268 9711120 9697555 9678799 
9688911 9679646 9701477 9675543 9680942 9715669 9661627 9655601
9708943 9664051 9671715 9694559 9653384 9686426 9702224 9693439 
9673661 9667129 9688091 9665002 9678551 9697053 9662149 9688467 
9648517 9636451 9672276 9667143 9673533 9643902 9655356 9681535  
9640502 9663954 9669724 9654828 9630972 9643498 9624757 9599731
9657487 9645253 9626522 9655786 9656205 9628710 9645703 9666849 
9666528 9628621 9644524 9649806 9618305 9610969 9653293 9644476 
9629394 9605702 9638801 9605886 9618067 9629744 9643277 9636864 
9619225 9607346 9638466 9629751 9616608 9641308 9635385 9617197 
9602878 9594783 9591275 9604811 9628700 9614990 9607485 9620625 
9629277 9573111 9602336 9597147 9586450 9603973 9584752 9574241 
9608306 9592435 9578969 9617237 9617299 9577610 9611519 9592435  
9575786 9587790 9564222 9600538 9573570 9600197 9564821 9594264 
9584737 9564312 9551125 9590870 9576434 9562728 9552710 9580187
9585085 9594379 9553403 9580531 9564951 9583755 9554002 9567053  
9570126 9570588 9576260 9554092 9553822 9545759 9587759 9555118
9542244 9526568 9526723 9555352 9541427 9569628 9538854 9552873 
9562423 9559752 9551925 9539492 9537037 9526988 9570466 9526784  
9528884 9548121 9518471 9543584 9541986 9558853 9528919 9512460
9515077 9515456 9546606 9527895 9502543 9501097 9535232 9518195 
9525847 9534886 9500672 9541497 9523600 9504147 9531757 9517322 
9517770 9514454 9492954 9530862 9509724 9522543 9524312 9496230  
9480761 9514084 9482362 9499036 9506923 9494570 9510421 9492718
9498681 9485250 9516863 9501941 9478644 9500002 9497699 9509650 
9511562 9493429 9483993 9502540 9482434 9467633 9482335 9468972  
9485431 9458046 9475112 9488994 9473223 9493709 9474539 9465482
9458145 9469205 9491707 9494731 9473516 9469431 9456689 9482652 
9455760 9479104 9457761 9483868 9463958 9448354 9473904 9448801  
9447647 9438067 9457490 9444891 9435363 9469536 9468334 9451873 
9455330 9440950 9441701 9474973 9448696 9459545 9473135 9461930 
9448006 9426376 9441433 9453795 9438226 9431133 9426466 9457261 
9426402 9425325 9408966 9414425 9441355 9443196 9421409 9433428 
9445301 9426884 9412271 9445070 9436473 9421555 9425679 9412889 
9404573 9400562 9413716 9436161 9411996 9414143 9432922 9427130 
9381941 9400132 9396120 9412372 9418353 9398399 9385978 9416980 
9406164 9427002 9402177 9402311 9391476 9424390 9394972 9415415 
9389320 9394150 9380602 9410452 9405430 9412263 9374304 9391659
9389672 9403235 9364629 9378724 9379380 9371203 9380005 9398366  
9386833 9377537 9365670 9401528 9360714 9375886 9391718 9377182 
9373427 9387967 9371347 9371538 9357208 9396117 9360725 9379656 
9362830 9355896 9338815 9345466 9370652 9358055 9357254 9367045
9378958 9381013 9360122 9366579 9377051 9344413 9361699 9347584  
9356218 9353246 9368672 9340678 9336456 9348318 9368595 9332003
9354727 9339986 9324027 9367702 9345483 9356688 9342318 9343320  
9335395 9343709 9340850 9356542 9322192 9341032 9365035 9330342
9324151 9311316 9344786 9333345 9316790 9321510 9334247 9348848  
9309515 9317703 9338162 9321792 9322375 9300576 9336376 9338261
9305518 9305997 9325540 9320996 9340029 9306330 9312760 9322829  
9297274 9325976 9311131 9323974 9309157 9290980 9296618 9315229 
9283904 9299680 9291425 9315323 9304492 9282729 9303493 9319204 
9290354 9302737 9317513 9298946 9282082 9304150 9285535 9292798
9319295 9293969 9308087 9273027 9272451 9292006 9283700 9307135  
9274313 9265992 9273789 9289684 9288591 9258015 9274988 9278487
9262650 9283344 9298010 9262561 9273863 9282859 9264843 9298899  
9264856 9283860 9261874 9283607 9250183 9265808 9253185 9263557
9270442 9238982 9254992 9259883 9242142 9271216 9254658 9244354