35427830 35434653 35435011 35402965 
25336647 25330809 25349908 25345571 
21611817 21588094 21604649 21422032
21594435 21413245 21431721 21400923  
20905014 20915971 20898117 20923524 
21281209 21288329 21298974 21268845 
20790971 20799452 20803191 21108357
20778933 21123508 21127558 21132224 
21494980 21492788 21496898 21478726 
21664832 21669280 21670423 21879028
21654066 21880108 21859473 21870103  
22004389 21997344 22004374 22451194
21988967 22158380 22172398 22167853 
22165606 22451649 22451302 22435761  
22629920 22635518 22624004 22772025
22636056 22784107 22790391 22785242  
23007484 22997878 22995679 23085851
22988258 23000252 23016955 23016890 
23030900 23093005 23091252 23071044  
23211367 23191653 23209812 23407502
23216788 23230328 23249563 23252077 
23257947 23236234 23214782 23200306 
23230143 23356165 23363903 23372165 
23335673 23357998 23338955 23320986 
23356197 23294532 23304158 23320140 
23323162 23394359 23418119 23424533  
23392378 23384909 23400136 23353733
23404800 23375129 23362310 23369595  
23360751 23364280 23372724 23364544
23378682 23349285 23365927 23339948  
23301717 23301311 23286683 23287036 
23343507 23347696 23361035 23360907 
23303795 23314053 23330936 23326653 
23282256 23306096 23300125 23288201 
23298411 23328892 23316741 23314647 
23280511 23271339 23260932 23231157
23259468 23216392 23246222 23219233  
23279921 23266317 23257257 23260169 
23210796 23228357 23201389 23205466 
23181703 23187050 23209224 23204513
23193753 23213719 23237154 23203944  
23166912 23170008 23195743 23101296
23176403 23092493 23095324 23129676  
23140608 23161110 23140116 23037168
23183547 23092653 23118790 23076249 
23073432 23079236 23055502 23035059  
23048752 23064339 23045936 22961992
23096508 23022308 23029473 23037017 
23063320 23006662 22960940 22978178  
22988590 22979121 23008089 22972217 
22988085 22950949 22967903 22953426 
22923960 22937678 22904243 22905481
22899436 22919588 22939521 22894953  
22880735 22908514 22871917 22896046 
22861041 22819886 22839528 22831627 
22884472 22855281 22852487 22832576 
22790044 22817034 22764278 22787521 
22768994 22805599 22762559 22663151
22747186 22761787 22741542 22791752 
22762491 22726066 22731949 22700711 
22751301 22679631 22683392 22707179  
22680151 22701448 22733590 22714072 
22652919 22675488 22648746 22594706
22626103 22619388 22600643 22581967  
22628793 22582720 22605387 22608113 
22557568 22535602 22562017 22580271 
22520897 22504856 22501583 22406692
22477406 22525327 22495251 22541021 
22515548 22465230 22445668 22480235 
22493030 22423268 22441270 22432655  
22380437 22420696 22434262 22143881
22411238 22387196 22411202 22399070 
22361485 22297318 22342477 22330397 
22353384 22306290 22349649 22366563 
22338896 22314560 22324596 22267056 
22301211 22234397 22270959 22279002 
22290226 22275091 22253100 22279491 
22223696 22232922 22224093 22212117 
22181177 22141853 22180558 22177046 
22200273 22204959 22183387 22189103  
22155760 22134540 22093442 22141365 
22068045 22107495 22110099 22020426
22124242 22125615 22059397 22103715 
22102671 22064970 22065420 22090712  
22003286 22023179 21964916 22003950 
22050765 22027950 22026390 21973376
21985710 21993795 21967728 21930926  
21935276 21895466 21959275 21935236 
21934051 21898655 21934504 21961712 
21929468 21899740 21907335 21806169
21868777 21840635 21875484 21848807 
21815543 21878407 21847038 21852525 
21814504 21807131 21779632 21844200  
21767996 21742628 21801601 21766374 
21753308 21727461 21759669 21795179 
21733924 21771477 21738391 21707685 
21687387 21718138 21661129 21679268 
21683783 21664736 21721500 21638145
21697388 21609265 21631372 21658825 
21636008 21593790 21610116 21612821  
21631181 21605743 21578055 21598463 
21547242 21570482 21573640 21594590 
21533341 21556979 21504066 21501484
21528471 21568162 21540709 21544008 
21512589 21526041 21489452 21464995  
21451806 21415542 21446635 21423455
21478043 21451496 21486606 21457349 
21424403 21414583 21457151 21382943  
21374754 21334796 21406990 21390120
21367601 21421618 21382686 21348806  
21305025 21346391 21340035 21320164
21377457 21267525 21301358 21343938  
21332038 21296969 21284603 21278450
21252156 21268630 21310803 21238658  
21220720 21185913 21257389 21200023
21210384 21231664 21194808 21218263 
21265817 21187290 21220890 21162480  
21189978 21170043 21155150 21125555 
21156601 21113823 21178081 21145104 
21108951 21083436 21121824 20993606
21139919 21080839 21048124 21087561 
21100289 21105973 21076755 21090522 
21050709 21019490 21056555 21049458 
21038324 21029774 21017546 21016307  
20990810 21029234 21008766 20862857
21015522 20960772 20982115 20979790 
20996113 20941174 20924846 20930818 
20899720 20923880 20945617 20939585 
20968712 20897843 20876208 20921426 
20900697 20890676 20869699 20862808 
20844484 20842003 20867108 20888172  
20837387 20865653 20819641 20844806 
20788184 20771806 20800711 20733077
20821383 20818272 20790377 20797305 
20770944 20770393 20748559 20761724 
20786953 20748415 20722448 20707506  
20717673 20740961 20731447 20591432
20702051 20706798 20677518 20700320 
20720852 20668138 20686704 20659408 
20636410 20662884 20637915 20673435 
20685180 20635903 20616940 20630216  
20618041 20573850 20600733 20611388 
20588810 20596994 20614386 20571858
20566076 20549106 20554117 20585609  
20540793 20514038 20523275 20553720 
20523451 20527267 20541563 20329215
20566126 20520934 20486092 20507187 
20476306 20469140 20445386 20449704 
20483271 20450326 20472313 20449000 
20487622 20413264 20446469 20459670 
20419462 20374609 20375842 20399762 
20420220 20430677 20391554 20408293 
20390996 20352403 20351370 20373784 
20398535 20366935 20343574 20319025 
20323020 20301792 20353059 20306724  
20312440 20337557 20285730 20296946 
20242820 20248631 20274818 20265510
20293183 20276147 20259567 20301346 
20246973 20219828 20251436 20226192  
20195641 20246306 20222401 20156056
20202490 20183470 20240912 20214068 
20195205 20156343 20168245 20185946 
20205058 20124736 20178698 20137539  
20131991 20145537 20158330 20173275 
20137402 20093235 20127815 20108567
20106080 20064326 20113346 20089960  
20101424 20083587 20110014 19994384
20060955 20083350 20035234 20079693 
20055647 20031764 20008582 20029492 
19991016 20025674 20053971 20050552 
20008546 19979575 19969894 20014882 
20007690 19940598 19979283 19955208  
19939766 19951206 19988794 19928255
19981381 19924613 19959613 19969786  
19918293 19927185 19879884 19933066
19890657 19886378 19917163 19880399  
19866586 19909696 19855299 19827820
19894919 19867179 19876893 19832262  
19825578 19873606 19819526 19808678
19867709 19859379 19808862 19800020 
19845393 19774049 19766151 19820905  
19814965 19774630 19824947 19733685
19778103 19736917 19774851 19786097  
19774129 19714223 19714456 19752433
19759622 19711581 19708307 19764470  
19686602 19739128 19723895 19689912 
19654893 19708378 19656849 19572551
19697508 19714952 19660276 19709533 
19665417 19680978 19625541 19673856 
19626007 19639904 19602530 19646512 
19595383 19653665 19648076 19596199 
19603038 19624603 19630961 19572969 
19584770 19587238 19542101 19587470 
19540619 19601436 19552033 19599757 
19554705 19521164 19572740 19523777  
19539822 19495497 19493627 19549649 
19537481 19488493 19482883 19398278
19539364 19467737 19526343 19476375 
19520629 19486479 19480887 19436887 
19425965 19494452 19447315 19440323 
19487426 19418602 19464081 19405182 
19467507 19390604 19445585 19447783  
19434600 19389419 19378932 19356764
19433379 19402725 19355165 19407265 
19361516 19383781 19333523 19377559 
19330230 19379764 19382391 19335055 
19336888 19300992 19350688 19308945  
19332450 19286860 19332922 19286720
19287959 19333459 19282070 19327484  
19260766 19306843 19261274 19304550 
19219039 19264497 19263134 19165826
19222678 19230784 19234259 19277006 
19285952 19200641 19247720 19252553 
19199974 19177038 19220566 19232139 
19176034 19220820 19179371 19234175 
19182515 19159600 19158750 19200112 
19220353 19187235 19168607 19130135 
19125631 19129538 19185776 19125011  
19162689 19109297 19145939 19080550
19104576 19080944 19137647 19114057  
19084418 19079596 19116107 19049002
19132036 19111506 19068393 19097461 
19066419 19066576 19036178 19080397 
19042489 19068513 19039769 19085231  
19009832 19035210 19014290 18972781
19051534 19038643 19020451 18994518 
18994482 19042108 18985893 19012247 
18991084 18993004 19018645 18976022  
18992462 18948863 18963280 18946067 
18957434 18971989 18962061 18944818
19002431 18939538 18927904 18965400 
18924852 18938467 18901667 18915632 
18894822 18897960 18899684 18918117  
18875078 18923955 18879897 18900173 
18842204 18871370 18841882 18856553
18889591 18907289 18858752 18879812 
18858175 18831676 18878753 18829211  
18857234 18832753 18806457 18799987
18810829 18849734 18804277 18824985  
18814144 18840797 18793334 18790579 
18762876 18782509 18756824 18806118 
18813950 18768274 18776016 18788389 
18752056 18792583 18756938 18766162 
18744879 18779590 18739298 18728193 
18777263 18729754 18725455 18737710 
18748758 18707869 18708580 18717388 
18681083 18689698 18730244 18693138 
18691400 18691216 18700218 18732787 
18704840 18670128 18674382 18663810 
18648465 18650221 18689690 18658063 
18692393 18650401 18656240 18646148 
18629468 18637133 18631491 18670711 
18603155 18633242 18598861 18597353 
18652413 18614298 18611127 18610593 
18585215 18589259 18580031 18622576 
18558124 18597849 18563880 18561517 